,Gene,Pearson correlation,Slide,Method
0,ISG15,-0.28824963875852083,C6,STnet
1,PLA2G2D,0.01685163230228062,C6,STnet
2,CAMK2N1,0.19761940701585484,C6,STnet
3,USP48,0.04772912727981741,C6,STnet
4,TCEA3,0.13071031877347083,C6,STnet
5,PNRC2,0.03596527404809249,C6,STnet
6,LDLRAP1,0.05074904629697542,C6,STnet
7,IFI6,-0.1747175957717358,C6,STnet
8,ZBTB8OS,0.03054487851466199,C6,STnet
9,RBBP4,-0.14376994498019488,C6,STnet
10,PSMB2,0.1402670339460543,C6,STnet
11,GNL2,-0.16543097687065153,C6,STnet
12,SF3A3,-0.1801458335487136,C6,STnet
13,UTP11,0.07685472045414209,C6,STnet
14,AKIRIN1,0.0683282654636301,C6,STnet
15,MFSD2A,0.19279258680762645,C6,STnet
16,CAP1,-0.11493795146539369,C6,STnet
17,CTPS1,-0.06648309107831021,C6,STnet
18,PPCS,-0.0037151062427390573,C6,STnet
19,PPIH,-0.04071139752971402,C6,STnet
20,YBX1,0.0636004063762395,C6,STnet
21,EBNA1BP2,0.1912265069422083,C6,STnet
22,CDC20,0.1443531712257482,C6,STnet
23,PTPRF,-0.06895470160762594,C6,STnet
24,KDM4A,-0.14535361242936928,C6,STnet
25,EIF2B3,0.14392572149371044,C6,STnet
26,NASP,0.1735984916830548,C6,STnet
27,GPBP1L1,0.24905631181365787,C6,STnet
28,TSPAN1,0.1287650486573856,C6,STnet
29,RAD54L,-0.1253166626782487,C6,STnet
30,LRRC41,-0.20896734029606362,C6,STnet
31,UQCRH,0.21883708256575327,C6,STnet
32,CMPK1,0.253658484742887,C6,STnet
33,RNF11,-0.1144207050915523,C6,STnet
34,TTC39A,0.09218835913475433,C6,STnet
35,TXNDC12,-0.2575423319836265,C6,STnet
36,PRPF38A,-0.27070159845754416,C6,STnet
37,SCP2,0.2455879508330923,C6,STnet
38,C1orf123,0.1615716790319175,C6,STnet
39,MAGOH,-0.10746214644940623,C6,STnet
40,NDC1,0.09683399720502081,C6,STnet
41,HSPB11,0.04461732465584728,C6,STnet
42,TMEM59,0.2699572533467809,C6,STnet
43,SSBP3,0.19019385642770173,C6,STnet
44,TACSTD2,0.274555905683759,C6,STnet
45,MYSM1,0.31307759423186093,C6,STnet
46,TM2D1,0.061958727075384114,C6,STnet
47,PATJ,-0.057086311145220524,C6,STnet
48,USP1,0.05654054883171409,C6,STnet
49,JAK1,0.20140454159375334,C6,STnet
50,LEPROT,0.05132496577994071,C6,STnet
51,GNG12,-0.11951377197061037,C6,STnet
52,SRSF11,0.08225030918262191,C6,STnet
53,USP33,0.05443157872911113,C6,STnet
54,IFI44L,0.051441853150409,C6,STnet
55,IFI44,0.011096055195019761,C6,STnet
56,GNG5,0.003700511477398121,C6,STnet
57,SEP15,-0.2623439259291303,C6,STnet
58,LMO4,-0.32345963642324493,C6,STnet
59,GTF2B,-0.008598191346373173,C6,STnet
60,GBP3,0.006343458554239016,C6,STnet
61,GBP1,0.25751584852843246,C6,STnet
62,GBP2,-0.17608380123311557,C6,STnet
63,GBP5,0.03758055956910973,C6,STnet
64,LRRC8B,-0.06849553739061914,C6,STnet
65,LRRC8D,-0.029760058554795143,C6,STnet
66,CDC7,0.07746844707699058,C6,STnet
67,GLMN,0.04694417426573628,C6,STnet
68,MTF2,-0.12623793790577814,C6,STnet
69,TMED5,0.021903128777511625,C6,STnet
70,CCDC18,0.029421475498056206,C6,STnet
71,DR1,0.18259941919315908,C6,STnet
72,FNBP1L,0.115403042531024,C6,STnet
73,BCAR3,0.061959216973114864,C6,STnet
74,DNTTIP2,-0.09512132875119608,C6,STnet
75,GCLM,0.014622271939120414,C6,STnet
76,ARHGAP29,0.053760181621914024,C6,STnet
77,ABCD3,0.11229571666759346,C6,STnet
78,CNN3,-0.04167750512764181,C6,STnet
79,ALG14,0.1575915627572324,C6,STnet
80,TMEM56,-0.005579285190475913,C6,STnet
81,SNX7,0.05207848092256227,C6,STnet
82,VCAM1,0.07001226928426038,C6,STnet
83,PSMA5,0.11154209674456168,C6,STnet
84,GSTM3,-0.21695411432456815,C6,STnet
85,CD53,-0.02355879283779464,C6,STnet
86,ATP5F1,0.12478257312632468,C6,STnet
87,WDR3,-0.07010338411271157,C6,STnet
88,PHGDH,0.040311688037634505,C6,STnet
89,CTSS,-0.0018535048878656369,C6,STnet
90,CTSK,-0.10893572837443503,C6,STnet
91,SCNM1,-0.03228411167121196,C6,STnet
92,S100A8,-0.0816774368110562,C6,STnet
93,S100A14,0.001452323300929495,C6,STnet
94,S100A1,-0.1361301126737078,C6,STnet
95,CREB3L4,0.19640918924465722,C6,STnet
96,CKS1B,-0.12496430020997217,C6,STnet
97,EFNA3,-0.01816068866194367,C6,STnet
98,RIT1,0.22766948652493224,C6,STnet
99,CRABP2,-0.18546874367070362,C6,STnet
100,IFI16,-0.008523696017901736,C6,STnet
101,USF1,-0.11460923849571322,C6,STnet
102,OLFML2B,0.16628577839124664,C6,STnet
103,MPC2,-0.04600418900822703,C6,STnet
104,ATP1B1,-0.09501085218526767,C6,STnet
105,RABGAP1L,0.04254482378472472,C6,STnet
106,CACYBP,-0.000699417445571673,C6,STnet
107,XPR1,0.14330924796560304,C6,STnet
108,LAMC1,0.17533813182224578,C6,STnet
109,C1orf21,-0.17209636955665591,C6,STnet
110,TPR,0.019303967074085004,C6,STnet
111,PTPRC,-0.04704834029500786,C6,STnet
112,UBE2T,0.01652719448275762,C6,STnet
113,NUCKS1,0.3685846948269489,C6,STnet
114,ATF3,-0.07714778110080411,C6,STnet
115,CENPF,0.0449834158447325,C6,STnet
116,KCTD3,0.025977191060718854,C6,STnet
117,LYPLAL1,0.10816229052200457,C6,STnet
118,IARS2,-0.04769111324345627,C6,STnet
119,CNIH4,0.011594458173194168,C6,STnet
120,NUP133,0.1264513592457112,C6,STnet
121,ARID4B,-0.02020711325278291,C6,STnet
122,CHML,-0.13944145745351874,C6,STnet
123,SCCPDH,0.11419926531676956,C6,STnet
124,ATP5C1,-0.08923966842430918,C6,STnet
125,GATA3,0.07623868058897527,C6,STnet
126,FAM107B,0.07141218719945742,C6,STnet
127,HSPA14,0.006163374969591844,C6,STnet
128,NEBL,-0.09340418741261118,C6,STnet
129,BAMBI,0.05035157489388216,C6,STnet
130,ARHGAP12,0.15502921410278922,C6,STnet
131,DKK1,0.12121608491844356,C6,STnet
132,ZWINT,0.0775979128172698,C6,STnet
133,ANK3,-0.18382755128474465,C6,STnet
134,CDK1,-0.07856492665022885,C6,STnet
135,HERC4,0.052223623759406645,C6,STnet
136,SRGN,-0.022787069050169643,C6,STnet
137,H2AFY2,0.10782159964413941,C6,STnet
138,ADK,-0.15049408670887587,C6,STnet
139,DLG5,-0.056999536297506044,C6,STnet
140,PLAC9,0.02418174914216513,C6,STnet
141,GHITM,-0.014726488431036728,C6,STnet
142,SNCG,0.10923307005806324,C6,STnet
143,ADIRF,-0.09929801264567499,C6,STnet
144,IFIT3,0.11546317640900282,C6,STnet
145,FRA10AC1,0.0965788450377385,C6,STnet
146,EXOSC1,0.17520890320581783,C6,STnet
147,SCD,0.36787448307934645,C6,STnet
148,ARL3,0.05430155430144497,C6,STnet
149,ADD3,-0.002017166813169574,C6,STnet
150,DUSP5,0.06520203800813397,C6,STnet
151,FAM204A,0.011645900280369636,C6,STnet
152,RGS10,0.08386225008149716,C6,STnet
153,NSMCE4A,-0.05613566137082401,C6,STnet
154,OAT,0.1686212439134657,C6,STnet
155,GLRX3,0.22685932150410992,C6,STnet
156,IFITM2,0.06764148042704507,C6,STnet
157,TRIM22,-0.030668310268256782,C6,STnet
158,DKK3,-0.022438434691731603,C6,STnet
159,SAA1,-0.10838315860092414,C6,STnet
160,TSG101,-0.092329414271939,C6,STnet
161,SVIP,-0.06284382147471336,C6,STnet
162,CAPRIN1,0.008511725247994085,C6,STnet
163,API5,-0.22132341299208544,C6,STnet
164,MTCH2,0.10551781781040148,C6,STnet
165,UBE2L6,0.07460491561855373,C6,STnet
166,MPEG1,0.0020571219089881793,C6,STnet
167,MS4A7,0.011289837573695225,C6,STnet
168,TMEM258,0.028376315183617735,C6,STnet
169,FEN1,-0.15613270467680881,C6,STnet
170,PLA2G16,-0.042767988639894575,C6,STnet
171,CST6,-0.11034655639027789,C6,STnet
172,ALDH3B2,0.3772438892346962,C6,STnet
173,TESMIN,-0.1590934463304733,C6,STnet
174,MRPL21,-0.08088139378877594,C6,STnet
175,CCND1,-0.07531192096814915,C6,STnet
176,ORAOV1,0.23312148304358,C6,STnet
177,ANO1,-0.13606798265236253,C6,STnet
178,FADD,0.06368209255915587,C6,STnet
179,CTTN,-0.01289882840133081,C6,STnet
180,PRSS23,0.06276269364205442,C6,STnet
181,BIRC3,-0.08711817740277496,C6,STnet
182,MMP1,0.09955007676415172,C6,STnet
183,CASP4,0.04390646440745968,C6,STnet
184,CD3D,0.13939447374091524,C6,STnet
185,THYN1,-0.05602219741170796,C6,STnet
186,SCNN1A,-0.055280020012678656,C6,STnet
187,RIMKLB,0.0023817345831632997,C6,STnet
188,MAGOHB,0.013126128240611209,C6,STnet
189,GPRC5A,-0.07530035874495948,C6,STnet
190,MGP,0.42592448393635846,C6,STnet
191,C12orf60,-0.125140394382213,C6,STnet
192,LDHB,-0.1386070350883079,C6,STnet
193,ITPR2,0.0348513658771603,C6,STnet
194,ZCRB1,0.022610737384140423,C6,STnet
195,FAIM2,-0.17521934754669669,C6,STnet
196,METTL7A,0.0865664417409667,C6,STnet
197,NR4A1,-0.15478169265167882,C6,STnet
198,KRT81,-0.13869175111677642,C6,STnet
199,KRT86,-0.004663492553968748,C6,STnet
200,PPP1R1A,0.05863895702464943,C6,STnet
201,MUCL1,0.1681119167742415,C6,STnet
202,NUP107,-0.08067268040115769,C6,STnet
203,LYZ,0.2344497801437751,C6,STnet
204,DUSP6,0.17119687048621898,C6,STnet
205,ATP2B1,0.11572540061944875,C6,STnet
206,LUM,0.1522450546252745,C6,STnet
207,DCN,0.13131044060130057,C6,STnet
208,EEA1,0.04685632919705332,C6,STnet
209,NTN4,-0.047297999242818946,C6,STnet
210,TMPO,0.06222822455318212,C6,STnet
211,ARL1,-0.07955867749750564,C6,STnet
212,CHPT1,0.02678898173790661,C6,STnet
213,SYCP3,-0.023029743629562168,C6,STnet
214,CCDC53,0.004785190003131676,C6,STnet
215,PWP1,-0.105869045112831,C6,STnet
216,TCTN1,-0.05192301874228028,C6,STnet
217,MAPKAPK5,-0.1300127248543484,C6,STnet
218,OAS1,0.1875045501689665,C6,STnet
219,OAS2,0.09034364988030516,C6,STnet
220,TBX3,-0.011747456653686619,C6,STnet
221,OASL,-0.08022094839317827,C6,STnet
222,ZNF664,-0.029799343121665246,C6,STnet
223,ZNF84,0.04653042371419558,C6,STnet
224,PSPC1,0.14712495031179715,C6,STnet
225,HMGB1,-0.0520829631140704,C6,STnet
226,DCLK1,0.09102024153077386,C6,STnet
227,MRPS31,-0.17319427379211957,C6,STnet
228,DNAJC15,0.09939203286598348,C6,STnet
229,RNASEH2B,0.006654301036913038,C6,STnet
230,COMMD6,-0.14202810654460515,C6,STnet
231,FARP1,-0.05907592972525946,C6,STnet
232,STK24,-0.2294351859639085,C6,STnet
233,MCF2L,0.2371188159858463,C6,STnet
234,NGDN,0.03772329499404243,C6,STnet
235,RABGGTA,0.022431280590479982,C6,STnet
236,SCFD1,-0.10101132740990458,C6,STnet
237,BAZ1A,-0.023928280170060708,C6,STnet
238,KLHDC2,-0.042416568938263184,C6,STnet
239,PSMC6,0.16286281181184345,C6,STnet
240,PSMA3,-0.08702118302155454,C6,STnet
241,PCNX4,-0.021314361997293044,C6,STnet
242,DHRS7,0.2639984271079027,C6,STnet
243,MTHFD1,-0.13433823042723533,C6,STnet
244,FUT8,-0.027377535053243317,C6,STnet
245,COQ6,0.20390698679024688,C6,STnet
246,AC005480.1,0.020941576221172778,C6,STnet
247,FOS,0.034055458317427914,C6,STnet
248,ZC3H14,-0.006149880559095699,C6,STnet
249,UBR7,-0.10827989360657289,C6,STnet
250,IFI27L2,-0.07262421586516156,C6,STnet
251,IGHG4,0.09048104709069538,C6,STnet
252,APBA2,0.1661270201566252,C6,STnet
253,EMC4,-0.21386549172947258,C6,STnet
254,NUSAP1,0.07980838242080829,C6,STnet
255,TUBGCP4,-0.19883997758383673,C6,STnet
256,TP53BP1,0.0658780283898147,C6,STnet
257,SPG11,-0.11256281706664611,C6,STnet
258,MYEF2,0.1546911818151464,C6,STnet
259,TMOD3,-0.08760558336810371,C6,STnet
260,LEO1,0.06255300046614624,C6,STnet
261,MYO5C,-0.06201298188110314,C6,STnet
262,ARPP19,-0.23369608342550974,C6,STnet
263,ADAM10,0.1740248046593166,C6,STnet
264,CCNB2,-0.07071833922840046,C6,STnet
265,GTF2A2,0.2242441620347831,C6,STnet
266,VPS13C,-0.10054023677414636,C6,STnet
267,C2CD4A,0.3588314271615381,C6,STnet
268,TPM1,0.33997316422454105,C6,STnet
269,FAM96A,0.21552034763258093,C6,STnet
270,KIAA0101,0.11734338877905867,C6,STnet
271,CILP,-0.03056553091862001,C6,STnet
272,ITGA11,0.20162000759215018,C6,STnet
273,UACA,-0.07119665444346818,C6,STnet
274,RCN2,0.06808747684287103,C6,STnet
275,PSTPIP1,0.002402337509200644,C6,STnet
276,LINGO1,-0.04754176684364356,C6,STnet
277,MESDC1,0.05806727051502632,C6,STnet
278,ISG20,0.022349725457542345,C6,STnet
279,PRC1,-0.07080201003113087,C6,STnet
280,SNRPA1,-0.2207151082852541,C6,STnet
281,SBK1,0.11328331758250361,C6,STnet
282,MT1G,0.1767840968206945,C6,STnet
283,NUP93,-0.04286072197699262,C6,STnet
284,CX3CL1,0.19237611396208562,C6,STnet
285,CMTM3,0.42602990689198844,C6,STnet
286,CBFB,0.18328657302106757,C6,STnet
287,PRMT7,0.019031406666716478,C6,STnet
288,CDH1,-0.12229782847813953,C6,STnet
289,ZFHX3,0.17466712213922223,C6,STnet
290,CFDP1,-0.012933951197490738,C6,STnet
291,TERF2IP,0.00843900841394595,C6,STnet
292,ITGAE,-0.013120964260057592,C6,STnet
293,ALOX15B,0.15325956513312938,C6,STnet
294,TRPV2,-0.05987086493241069,C6,STnet
295,B9D1,-0.03380325585782951,C6,STnet
296,UNC119,-0.22394162189874853,C6,STnet
297,PIGS,0.013100718695521192,C6,STnet
298,SPAG5,0.213405790664911,C6,STnet
299,KIAA0100,-0.17031553527940457,C6,STnet
300,SDF2,-0.18062352063690176,C6,STnet
301,SUPT6H,-0.11298882527193904,C6,STnet
302,TRAF4,0.2673943225789046,C6,STnet
303,CPD,0.2586798139454866,C6,STnet
304,GOSR1,-0.2137323939483724,C6,STnet
305,RNF135,-0.15661913493507537,C6,STnet
306,CCL2,0.0642774061775406,C6,STnet
307,SLFN5,0.1933917545709113,C6,STnet
308,AP2B1,-0.08868990459542368,C6,STnet
309,ZNHIT3,-0.04136803646784791,C6,STnet
310,MYO19,-0.11855918015519075,C6,STnet
311,GGNBP2,0.13008585452083635,C6,STnet
312,ACACA,0.022896866166037005,C6,STnet
313,DDX52,-0.20446638716815338,C6,STnet
314,MRPL45,0.2972269915738938,C6,STnet
315,SOCS7,-0.2453019740073148,C6,STnet
316,SRCIN1,0.07415308383784089,C6,STnet
317,C17orf96,-0.14644653990860468,C6,STnet
318,MLLT6,0.046211307182938276,C6,STnet
319,PCGF2,0.25715849859571316,C6,STnet
320,PIP4K2B,-0.232751649915481,C6,STnet
321,CWC25,0.0838238856798048,C6,STnet
322,LASP1,0.20305390955559324,C6,STnet
323,LINC00672,0.1321672274373768,C6,STnet
324,MED1,-0.002513964942947436,C6,STnet
325,PPP1R1B,0.0695326033972113,C6,STnet
326,PNMT,-0.2003863335472241,C6,STnet
327,CASC3,0.1212805516025084,C6,STnet
328,CDC6,0.06486547868505835,C6,STnet
329,RARA,0.06652756097978425,C6,STnet
330,TOP2A,-0.07176821933260796,C6,STnet
331,CCR7,-0.06906809030980848,C6,STnet
332,KRT15,0.12390438593371358,C6,STnet
333,KRT17,-0.07500240427634265,C6,STnet
334,HSD17B1,0.09476901871560695,C6,STnet
335,CNTD1,0.12024598142745202,C6,STnet
336,BECN1,0.14337184847104403,C6,STnet
337,PSME3,-0.07729518835077029,C6,STnet
338,CBX1,-0.03211376675752818,C6,STnet
339,HOXB2,-0.1255642633454228,C6,STnet
340,HOXB7,0.10561632820710502,C6,STnet
341,UBE2Z,-0.14254628088378166,C6,STnet
342,ZNF652,-0.15919388825874864,C6,STnet
343,SPOP,0.05818695005032587,C6,STnet
344,SLC35B1,-0.259128704441185,C6,STnet
345,FAM117A,-0.3100739809981159,C6,STnet
346,PDK2,-0.15546713961213157,C6,STnet
347,EME1,0.049896499163632056,C6,STnet
348,TOB1,0.04914385225260766,C6,STnet
349,TOM1L1,0.10238572617506207,C6,STnet
350,COX11,-0.18039104640581724,C6,STnet
351,CUEDC1,-0.11467333908440587,C6,STnet
352,VEZF1,0.025528557158340657,C6,STnet
353,RAD51C,0.0675510775771842,C6,STnet
354,CLTC,-0.3732850093622683,C6,STnet
355,PTRH2,0.07110953244837612,C6,STnet
356,DCAF7,-0.040342386367376484,C6,STnet
357,CCDC47,-0.18786151592013034,C6,STnet
358,DDX42,-0.13620079410082458,C6,STnet
359,DDX5,0.26489750666307427,C6,STnet
360,CEP95,-0.024395244012937148,C6,STnet
361,SMURF2,-0.12434705715849947,C6,STnet
362,CACNG4,0.019317776833965523,C6,STnet
363,HELZ,0.12205285695465974,C6,STnet
364,PSMD12,-0.03680842450039288,C6,STnet
365,NOL11,0.2042090402028716,C6,STnet
366,KPNA2,0.05353132963504848,C6,STnet
367,AMZ2,0.07391183779713716,C6,STnet
368,ARSG,0.06684457320895651,C6,STnet
369,WIPI1,-0.01198673131244832,C6,STnet
370,PRKAR1A,0.06729209210729512,C6,STnet
371,SOX9,-0.12940383157639182,C6,STnet
372,SLC16A5,0.06360843175246883,C6,STnet
373,SUMO2,0.2274927636790288,C6,STnet
374,QRICH2,0.07436102262337849,C6,STnet
375,CANT1,-0.3714236691853048,C6,STnet
376,SECTM1,0.132226668277488,C6,STnet
377,WDR45B,-0.3395049544740555,C6,STnet
378,RAB31,0.09817593671622143,C6,STnet
379,RAB27B,0.04537757507566032,C6,STnet
380,TXNL1,-0.1860646744407192,C6,STnet
381,SHC2,0.31997682363957886,C6,STnet
382,AMH,-0.367725070980594,C6,STnet
383,JSRP1,-0.003320144828587545,C6,STnet
384,TLE2,-0.2646400990325249,C6,STnet
385,CAPS,-0.158791001440052,C6,STnet
386,ANGPTL4,0.012341541959315359,C6,STnet
387,C19orf66,0.012043492578593915,C6,STnet
388,DNMT1,-0.1682834700833504,C6,STnet
389,LDLR,0.11347675812629601,C6,STnet
390,JUND,0.17533055486463603,C6,STnet
391,COMP,-0.14567709010628033,C6,STnet
392,CILP2,0.05928122147579834,C6,STnet
393,POP4,0.10635410832147836,C6,STnet
394,CCNE1,-0.03444807721274898,C6,STnet
395,PDCD5,0.25724162366274467,C6,STnet
396,FXYD3,-0.03683516618024801,C6,STnet
397,SYNE4,0.06981346918996821,C6,STnet
398,ZNF146,0.16395346514779738,C6,STnet
399,SIPA1L3,0.18384143114502094,C6,STnet
400,MAP4K1,0.010632311182542657,C6,STnet
401,GMFG,0.10776754347046487,C6,STnet
402,ZFP36,-0.07106854493006587,C6,STnet
403,LYPD3,0.08607651668294533,C6,STnet
404,BCAM,0.10091807629509955,C6,STnet
405,FOSB,0.10640056739077997,C6,STnet
406,BCL2L12,-0.2363955388011401,C6,STnet
407,ZNF480,-0.019327925375500998,C6,STnet
408,SH3YL1,-0.17335096340280398,C6,STnet
409,RSAD2,0.05622347624891918,C6,STnet
410,ID2,-0.12979432870782864,C6,STnet
411,ASAP2,-0.024826817892281687,C6,STnet
412,YWHAQ,-0.14727136159192092,C6,STnet
413,RRM2,-0.11384997563255424,C6,STnet
414,ODC1,0.06430275246834845,C6,STnet
415,TRIB2,-0.004447148920356318,C6,STnet
416,DDX1,-0.20561707697484208,C6,STnet
417,SMC6,0.1309063502857542,C6,STnet
418,MRPL33,-0.17482016541681333,C6,STnet
419,EIF2AK2,0.07862893644173169,C6,STnet
420,CEBPZ,-0.11094802927821681,C6,STnet
421,HNRNPLL,-0.12135984171483381,C6,STnet
422,SRSF7,-0.3051032022023747,C6,STnet
423,PKDCC,0.21404796339081933,C6,STnet
424,EPAS1,0.011439429861887238,C6,STnet
425,CALM2,-0.39390427867737987,C6,STnet
426,EPCAM,-0.01534338980870242,C6,STnet
427,MSH2,-0.004130976482835702,C6,STnet
428,MTIF2,0.002964363417639765,C6,STnet
429,PNPT1,0.01682929762391692,C6,STnet
430,COMMD1,-0.09678495248008831,C6,STnet
431,VPS54,0.0006115276910148142,C6,STnet
432,ANTXR1,0.12567636306906874,C6,STnet
433,SNRPG,0.2139908592184473,C6,STnet
434,MPHOSPH10,0.08396880114285497,C6,STnet
435,ZNF638,0.029161824058695055,C6,STnet
436,BOLA3,-0.04071157085046016,C6,STnet
437,MRPL19,-0.051932779608121885,C6,STnet
438,COA5,0.08114438042318131,C6,STnet
439,UNC50,0.10011382783547876,C6,STnet
440,MGAT4A,0.26694257518767106,C6,STnet
441,EIF5B,0.12544815939995405,C6,STnet
442,REV1,0.1078338453034802,C6,STnet
443,MRPS9,-0.13207846860825503,C6,STnet
444,FHL2,0.08187904793913904,C6,STnet
445,GCC2,-0.08074596527120047,C6,STnet
446,LIMS1,-0.004111097497271062,C6,STnet
447,RANBP2,-0.18904351811042344,C6,STnet
448,SOWAHC,0.014793479358187107,C6,STnet
449,LINC00116,-0.16213078172694226,C6,STnet
450,IL1RN,-0.0913942650247337,C6,STnet
451,NIFK,0.051531418921632814,C6,STnet
452,IWS1,-0.0018498900365069909,C6,STnet
453,HS6ST1,0.1209385755089061,C6,STnet
454,MZT2A,-0.13617500464270382,C6,STnet
455,CXCR4,0.03907812292900174,C6,STnet
456,KYNU,0.03323995332453443,C6,STnet
457,TANC1,0.10312471753763729,C6,STnet
458,ITGB6,-0.006705503012686645,C6,STnet
459,FAP,-0.0703622965445548,C6,STnet
460,ITGA6,-0.0779131394367558,C6,STnet
461,SSFA2,0.2512211320436655,C6,STnet
462,COL3A1,0.11535196674134578,C6,STnet
463,COL5A2,0.1869452796671348,C6,STnet
464,WDR75,-0.21672085613949543,C6,STnet
465,SLC40A1,0.15975960289869603,C6,STnet
466,ASNSD1,-0.18455942413335166,C6,STnet
467,ORMDL1,-0.08170601055798461,C6,STnet
468,PMS1,0.09222955040421296,C6,STnet
469,HIBCH,-0.0752147434608277,C6,STnet
470,STAT1,-0.027835764925107802,C6,STnet
471,SPATS2L,-0.13499087047144137,C6,STnet
472,NDUFB3,-0.12823676184534,C6,STnet
473,TMEM237,0.06409599954437836,C6,STnet
474,FASTKD2,-0.09774166819341243,C6,STnet
475,IDH1,-0.041953068787099194,C6,STnet
476,FN1,0.35681345706384304,C6,STnet
477,SP110,0.05608711779627818,C6,STnet
478,EFHD1,-0.04528011359081149,C6,STnet
479,GPCPD1,-0.08255753719831249,C6,STnet
480,NAA20,-0.03232752178153122,C6,STnet
481,SAMHD1,-0.013385708148735414,C6,STnet
482,SLPI,0.04113925612781357,C6,STnet
483,SLC2A10,0.035315930723775306,C6,STnet
484,SULF2,-0.1208881038888882,C6,STnet
485,PREX1,-0.11971200579547098,C6,STnet
486,ZNFX1,0.00768757208786402,C6,STnet
487,PFDN4,-0.038654952977401826,C6,STnet
488,BMP7,0.05387907435066643,C6,STnet
489,LAMA5,-0.15211126107885894,C6,STnet
490,EEF1A2,0.006649147294431963,C6,STnet
491,HELZ2,-0.17739254674552518,C6,STnet
492,STMN3,0.17471385317618715,C6,STnet
493,CXADR,0.012752241863530902,C6,STnet
494,ADAMTS1,0.02080497073734895,C6,STnet
495,CCT8,-0.1226334143510266,C6,STnet
496,MIS18A,0.138460285991516,C6,STnet
497,MX1,0.07896561196644308,C6,STnet
498,TFF3,0.40653342898189093,C6,STnet
499,TRPM2,0.1242101489851945,C6,STnet
500,SUMO3,-0.1850448389824261,C6,STnet
501,PTTG1IP,0.19954918508087305,C6,STnet
502,FAM207A,0.007420023066713477,C6,STnet
503,SPATC1L,0.0421087113677934,C6,STnet
504,TBX1,0.08217533899115204,C6,STnet
505,RANBP1,0.03363763278380336,C6,STnet
506,IGLC7,-0.023586576347072452,C6,STnet
507,MMP11,0.04482959600201968,C6,STnet
508,CHEK2,0.0012516390244583556,C6,STnet
509,XBP1,0.22364242973141008,C6,STnet
510,SEC14L2,-0.005704034180691811,C6,STnet
511,APOL6,0.009905487955390894,C6,STnet
512,APOL3,-0.04493486897844226,C6,STnet
513,APOL2,0.004901955985847841,C6,STnet
514,APOL1,-0.07472958191656236,C6,STnet
515,C1QTNF6,-0.21893366646340193,C6,STnet
516,ADSL,0.1887108427725897,C6,STnet
517,RBX1,-0.19461320944157975,C6,STnet
518,SERHL2,-0.06508088443116249,C6,STnet
519,LSM3,0.14556330761187902,C6,STnet
520,TOP2B,-0.0015773163997849166,C6,STnet
521,HIGD1A,-0.18135215365651441,C6,STnet
522,EXOSC7,0.007332985519888857,C6,STnet
523,LTF,-0.014036214938105508,C6,STnet
524,GNL3,-0.032476594614460154,C6,STnet
525,PDHB,0.0795690192819363,C6,STnet
526,THOC7,0.09710187435574893,C6,STnet
527,PSMD6,-0.17502284092846482,C6,STnet
528,COL8A1,0.04520075668589637,C6,STnet
529,CMSS1,-0.02078977336385252,C6,STnet
530,NIT2,0.023777329610287407,C6,STnet
531,ATG3,0.1894645903996295,C6,STnet
532,COX17,-0.12827967880547295,C6,STnet
533,FSTL1,0.04208161350670575,C6,STnet
534,NDUFB4,-0.2355890402810648,C6,STnet
535,DTX3L,-0.07501918415931284,C6,STnet
536,PARP14,0.045331266976126584,C6,STnet
537,PDIA5,0.11960375909732038,C6,STnet
538,CHCHD6,0.08525799421267494,C6,STnet
539,MRPS22,0.060037966212569835,C6,STnet
540,PLSCR1,0.18120185024844443,C6,STnet
541,HPS3,0.19687748637699715,C6,STnet
542,CP,-0.06245348254863763,C6,STnet
543,PFN2,-0.12715420515578477,C6,STnet
544,SIAH2,-0.18885840041844643,C6,STnet
545,RARRES1,-0.06999883317434476,C6,STnet
546,TRIM59,-0.26865515552820995,C6,STnet
547,SPTSSB,-0.023280997000117102,C6,STnet
548,TNFSF10,-0.10595336545520011,C6,STnet
549,ECT2,0.055353781953253335,C6,STnet
550,DNAJC19,0.026162873888511542,C6,STnet
551,MCCC1,0.1619022710186999,C6,STnet
552,MAGEF1,0.11502730089535056,C6,STnet
553,RFC4,0.05356866719327687,C6,STnet
554,APOD,-0.03162861975081544,C6,STnet
555,QDPR,-0.10082040429415623,C6,STnet
556,LAP3,0.0749127401262244,C6,STnet
557,UGDH,-0.1678243597470516,C6,STnet
558,SMIM14,0.22140086344793258,C6,STnet
559,JCHAIN,-0.1100650579716181,C6,STnet
560,CXCL9,0.1599427196674314,C6,STnet
561,CXCL10,0.07330760210385892,C6,STnet
562,CXCL13,0.07313324633317551,C6,STnet
563,MRPS18C,0.020322356404489327,C6,STnet
564,SPP1,-0.07839554593854813,C6,STnet
565,H2AFZ,0.20444593033011477,C6,STnet
566,PPP3CA,-0.16168931484138038,C6,STnet
567,PPA2,-0.030662348388706986,C6,STnet
568,NPNT,0.037586300053775897,C6,STnet
569,CCDC109B,0.09555494667353732,C6,STnet
570,GAR1,0.13023844026009984,C6,STnet
571,EXOSC9,0.05875342806150581,C6,STnet
572,NDUFC1,0.1936911994293129,C6,STnet
573,ELMOD2,0.041388538451850046,C6,STnet
574,TBC1D9,-0.02874443756487639,C6,STnet
575,FBXW7,-0.24651179742005355,C6,STnet
576,HMGB2,0.15327877483123517,C6,STnet
577,PLEKHG4B,-0.04213081969867022,C6,STnet
578,CMBL,-0.0150978769276969,C6,STnet
579,ZNF622,-0.00027677371411900976,C6,STnet
580,DROSHA,-0.013858728105291212,C6,STnet
581,SUB1,0.047791533241896396,C6,STnet
582,BRIX1,-0.008749544286746833,C6,STnet
583,DNAJC21,0.0023868186778080577,C6,STnet
584,NUP155,0.1184768390239522,C6,STnet
585,FYB,-0.07750759744493389,C6,STnet
586,IL6ST,-0.11494777401799613,C6,STnet
587,CCNB1,0.12275396716157932,C6,STnet
588,NSA2,0.09582784988051611,C6,STnet
589,TBCA,0.0373915480057893,C6,STnet
590,ZFYVE16,0.15754489132051494,C6,STnet
591,CCNH,-0.04674964525998631,C6,STnet
592,NR2F1,-0.13605592783507084,C6,STnet
593,HSD17B4,-0.12904596783278233,C6,STnet
594,ALDH7A1,0.09753739091516378,C6,STnet
595,LMNB1,0.07752435608939479,C6,STnet
596,GDF9,-0.02549995620238245,C6,STnet
597,CXCL14,0.3061392381012931,C6,STnet
598,CXXC5,0.033799292851985456,C6,STnet
599,PTTG1,-0.04610660175398088,C6,STnet
600,STC2,0.031537741691800424,C6,STnet
601,FGFR4,0.03538986311616953,C6,STnet
602,SCGB3A1,0.11012903784053589,C6,STnet
603,PSMG4,-0.06215979429395554,C6,STnet
604,ECI2,0.19849580185981291,C6,STnet
605,MCUR1,0.00012206592442054897,C6,STnet
606,HIST1H1C,-0.1388657031418166,C6,STnet
607,HIST1H2BD,-0.14122276981833928,C6,STnet
608,HLA-F,-0.08392564255465104,C6,STnet
609,ZNRD1,0.10011263106103836,C6,STnet
610,DHX16,-0.12052261125716549,C6,STnet
611,HSPA1A,-0.11002921239652053,C6,STnet
612,C6orf48,-0.09028779427345403,C6,STnet
613,HLA-DRB5,-0.06293289189766023,C6,STnet
614,HLA-DQA1,0.24091940891315508,C6,STnet
615,TAP1,0.4107639696436883,C6,STnet
616,PSMB9,0.11771915157477959,C6,STnet
617,HLA-DPA1,-0.047551930704734104,C6,STnet
618,VPS52,0.05652211207234458,C6,STnet
619,MDFI,-0.24972005009707254,C6,STnet
620,PTK7,0.2649484982082745,C6,STnet
621,TFAP2B,0.14422176996359612,C6,STnet
622,LRRC1,-0.17327186218027305,C6,STnet
623,COL12A1,-0.1717843428488928,C6,STnet
624,MYO6,0.22957849130140723,C6,STnet
625,SYNCRIP,-0.2402350974691196,C6,STnet
626,RARS2,0.05679422629155222,C6,STnet
627,CD24,0.17266586223866404,C6,STnet
628,GTF3C6,-0.09828578410002203,C6,STnet
629,HDAC2,0.006870623319634184,C6,STnet
630,COL10A1,0.19778937172114916,C6,STnet
631,MAN1A1,0.0623784911829906,C6,STnet
632,HSF2,-0.017411366754659322,C6,STnet
633,SERINC1,-0.11622454953653541,C6,STnet
634,SMPDL3A,0.19191305842536943,C6,STnet
635,HDDC2,0.08341773497576238,C6,STnet
636,CENPW,-0.18567275510336767,C6,STnet
637,PTPRK,0.02031877064409978,C6,STnet
638,MED23,-0.05595914831722421,C6,STnet
639,ENPP1,0.09336689876657765,C6,STnet
640,STX7,0.19471135065465958,C6,STnet
641,SLC18B1,0.22104680972522098,C6,STnet
642,MAP7,-0.08385570790365875,C6,STnet
643,ARFGEF3,0.07947101773510187,C6,STnet
644,HEBP2,0.07142840139821331,C6,STnet
645,REPS1,-0.14559027157953172,C6,STnet
646,HECA,-0.21401281145301757,C6,STnet
647,CITED2,0.03716625656167954,C6,STnet
648,VTA1,0.1145643021973047,C6,STnet
649,ADGRG6,0.17483011471690024,C6,STnet
650,HIVEP2,0.07221355550281089,C6,STnet
651,AIG1,0.2459143537101299,C6,STnet
652,ADAT2,0.13493553805286546,C6,STnet
653,PEX3,-0.12185725840708846,C6,STnet
654,FUCA2,0.11612294806508533,C6,STnet
655,LTV1,0.01998463787459553,C6,STnet
656,SF3B5,0.21140571239640674,C6,STnet
657,SASH1,-0.09924065336347866,C6,STnet
658,MTHFD1L,0.04520635477586124,C6,STnet
659,FNDC1,0.015065795614522696,C6,STnet
660,MRPL18,0.1290866710546802,C6,STnet
661,PDCD2,-0.03629027388412863,C6,STnet
662,LFNG,-0.17097803762021754,C6,STnet
663,GLCCI1,-0.12289786204835706,C6,STnet
664,PHF14,0.11956739985691052,C6,STnet
665,TSPAN13,0.30317776150163256,C6,STnet
666,AGR2,0.10359729741883801,C6,STnet
667,GPNMB,0.16516549822311943,C6,STnet
668,TRIL,0.12604685388336556,C6,STnet
669,SFRP4,0.02748991690189691,C6,STnet
670,H2AFV,0.014308152346352918,C6,STnet
671,UPP1,-0.10152573288967867,C6,STnet
672,BAZ1B,0.03656171844246849,C6,STnet
673,CD36,-0.06775243955156976,C6,STnet
674,SEMA3C,0.013799724267300266,C6,STnet
675,COL1A2,-0.2430762609841712,C6,STnet
676,SHFM1,-0.134974452149159,C6,STnet
677,TRIP6,0.11019315133479438,C6,STnet
678,ACHE,0.3308809142354388,C6,STnet
679,SERPINE1,0.041215782445888506,C6,STnet
680,MEST,-0.3439848094997687,C6,STnet
681,NUP205,-0.1498602338143376,C6,STnet
682,PARP12,-0.07361917792410505,C6,STnet
683,SSBP1,0.2137015100395489,C6,STnet
684,TRBC2,0.06776224573622765,C6,STnet
685,PIP,0.11713459427723406,C6,STnet
686,CNTNAP2,0.03119389090661552,C6,STnet
687,EZH2,-0.14669898059160552,C6,STnet
688,NUB1,0.03571328348264629,C6,STnet
689,PCM1,0.030073352881500932,C6,STnet
690,KIF13B,0.11401438124426683,C6,STnet
691,ERLIN2,0.1684022228834951,C6,STnet
692,PROSC,0.0035210116813293763,C6,STnet
693,BRF2,-0.05076120338410912,C6,STnet
694,ADGRA2,0.016922239161303733,C6,STnet
695,RAB11FIP1,0.06827308918663393,C6,STnet
696,EIF4EBP1,0.3875576519557843,C6,STnet
697,ASH2L,-0.15994948648028867,C6,STnet
698,LSM1,-0.0021389963462279263,C6,STnet
699,PLPP5,0.03812441708883443,C6,STnet
700,DDHD2,-0.048340736239619646,C6,STnet
701,WHSC1L1,-0.20562465648453582,C6,STnet
702,FGFR1,0.23927106767704837,C6,STnet
703,TM2D2,0.08875683554054234,C6,STnet
704,C8orf4,0.052736548279452004,C6,STnet
705,HOOK3,-0.09493820597683826,C6,STnet
706,CEBPD,0.03701987444937958,C6,STnet
707,ATP6V1H,-0.018987366962715448,C6,STnet
708,GGH,-0.005998963395567134,C6,STnet
709,RDH10,-0.23747277943258172,C6,STnet
710,E2F5,0.08223998792246641,C6,STnet
711,C8orf59,0.1484909601060279,C6,STnet
712,WWP1,-0.036463533893417326,C6,STnet
713,RMDN1,-0.05618902722112329,C6,STnet
714,CPNE3,-0.0075167190531556256,C6,STnet
715,INTS8,-0.1563611067067573,C6,STnet
716,TSPYL5,0.1497457132335246,C6,STnet
717,EIF3E,0.0813174537878593,C6,STnet
718,ENY2,0.024848963775085175,C6,STnet
719,TRPS1,-0.06729568015755834,C6,STnet
720,RAD21,0.10223885372910455,C6,STnet
721,MRPL13,-0.05075221940507099,C6,STnet
722,ATAD2,-0.16263750807822488,C6,STnet
723,FBXO32,0.014048579728802005,C6,STnet
724,TATDN1,0.015631845740044576,C6,STnet
725,NSMCE2,0.030958543188859062,C6,STnet
726,FAM84B,0.22449431873194622,C6,STnet
727,ASAP1,-0.03069611786606928,C6,STnet
728,NDRG1,-0.04977624616105772,C6,STnet
729,PSCA,0.019718096766461437,C6,STnet
730,GLI4,0.28145920977501393,C6,STnet
731,TOP1MT,0.06981782011082668,C6,STnet
732,EPPK1,-0.046048234346108156,C6,STnet
733,OPLAH,0.0467515688279532,C6,STnet
734,SLC39A4,-0.17980652182700904,C6,STnet
735,FOXH1,0.043595447040045476,C6,STnet
736,LRRC24,0.13286244100110742,C6,STnet
737,VLDLR,-0.03298419432608262,C6,STnet
738,PLGRKT,0.09931152277525093,C6,STnet
739,NDUFB6,-0.0804264654182211,C6,STnet
740,CCL19,0.11418462733171245,C6,STnet
741,CCL21,-0.13236431039998534,C6,STnet
742,DCAF10,-0.04572312215600756,C6,STnet
743,GCNT1,-0.16494585737925402,C6,STnet
744,TLE1,0.03743077247561258,C6,STnet
745,SPIN1,0.19168660596869086,C6,STnet
746,ASPN,-0.14202951934713356,C6,STnet
747,WNK2,0.13655075417236734,C6,STnet
748,FBP1,-0.045008645075196134,C6,STnet
749,TGFBR1,-0.11696483983244535,C6,STnet
750,ERP44,-0.004409330373510899,C6,STnet
751,TEX10,-0.10327945953363167,C6,STnet
752,KIAA0368,0.06668483371266748,C6,STnet
753,TNC,-0.12042350012896325,C6,STnet
754,PSMD5,-0.10807552218161796,C6,STnet
755,PHF19,0.058656555592516486,C6,STnet
756,STOM,0.05596510887575363,C6,STnet
757,PRRX2,0.11071707305755898,C6,STnet
758,NUP214,-0.08107825640770443,C6,STnet
759,PTGDS,0.04199681390337388,C6,STnet
760,WWC3,-0.20127300676900106,C6,STnet
761,OFD1,0.021779936732684455,C6,STnet
762,SMS,-0.03468299155099208,C6,STnet
763,CYBB,0.0729584903867639,C6,STnet
764,LINC01420,-0.09091634044186515,C6,STnet
765,ITM2A,-0.018616368697354023,C6,STnet
766,SH3BGRL,-0.1185446779568394,C6,STnet
767,BEX3,-0.10969843623952509,C6,STnet
768,PHF6,0.07523378944544246,C6,STnet
